[mphlix-member-akshay-raut-reduced.jpg]
filters=tilt=1,1.000000,0.000000;tilt=1,1.000000,0.000000;
moddate=685b0b840c03d701
width=766
height=1024
textactive=0
